 0.0000000
 0.0119588
 0.0239177
 0.0358766
 0.0478355
 0.0597943
 0.0717531
 0.0837120
 0.0956709
 0.1076298
 0.1195886
 0.1315475
 0.1435063
 0.1554651
 0.1674241
 0.1793829
 0.1913418
 0.2014800
 0.2116182
 0.2217565
 0.2318947
 0.2420329
 0.2521712
 0.2623093
 0.2724476
 0.2825859
 0.2927240
 0.3028623
 0.3130004
 0.3231387
 0.3332770
 0.3434151
 0.3535534
 0.3603276
 0.3671017
 0.3738759
 0.3806500
 0.3874241
 0.3941983
 0.4009725
 0.4077466
 0.4145207
 0.4212949
 0.4280691
 0.4348432
 0.4416174
 0.4483916
 0.4551656
 0.4619398
 0.4643185
 0.4666973
 0.4690762
 0.4714549
 0.4738336
 0.4762124
 0.4785912
 0.4809699
 0.4833486
 0.4857274
 0.4881063
 0.4904850
 0.4928637
 0.4952425
 0.4976213
 0.5000000
 0.4976213
 0.4952425
 0.4928637
 0.4904850
 0.4881063
 0.4857274
 0.4833486
 0.4809699
 0.4785912
 0.4762124
 0.4738336
 0.4714549
 0.4690762
 0.4666973
 0.4643185
 0.4619398
 0.4551656
 0.4483916
 0.4416174
 0.4348432
 0.4280691
 0.4212949
 0.4145207
 0.4077466
 0.4009725
 0.3941983
 0.3874241
 0.3806500
 0.3738759
 0.3671017
 0.3603276
 0.3535534
 0.3434151
 0.3332770
 0.3231387
 0.3130004
 0.3028623
 0.2927240
 0.2825859
 0.2724476
 0.2623093
 0.2521712
 0.2420329
 0.2318947
 0.2217565
 0.2116182
 0.2014800
 0.1913418
 0.1793829
 0.1674241
 0.1554651
 0.1435063
 0.1315475
 0.1195886
 0.1076298
 0.0956709
 0.0837120
 0.0717531
 0.0597943
 0.0478355
 0.0358766
 0.0239177
 0.0119588
 0.0000000
-0.0119588
-0.0239177
-0.0358766
-0.0478355
-0.0597943
-0.0717531
-0.0837120
-0.0956709
-0.1076298
-0.1195886
-0.1315475
-0.1435063
-0.1554651
-0.1674241
-0.1793829
-0.1913418
-0.2016720
-0.2120022
-0.2223324
-0.2326627
-0.2429929
-0.2533231
-0.2636533
-0.2739835
-0.2843137
-0.2946439
-0.3049741
-0.3153043
-0.3256346
-0.3359648
-0.3462950
-0.3566252
-0.3632073
-0.3697895
-0.3763717
-0.3829539
-0.3895360
-0.3961182
-0.4027003
-0.4092824
-0.4158647
-0.4224468
-0.4290290
-0.4356111
-0.4421933
-0.4487755
-0.4553577
-0.4619398
-0.4643185
-0.4666973
-0.4690762
-0.4714549
-0.4738336
-0.4762124
-0.4785912
-0.4809699
-0.4833486
-0.4857274
-0.4881063
-0.4904850
-0.4928637
-0.4952425
-0.4976213
-0.5000000
-0.4976213
-0.4952425
-0.4928637
-0.4904850
-0.4881063
-0.4857274
-0.4833486
-0.4809699
-0.4785912
-0.4762124
-0.4738336
-0.4714549
-0.4690762
-0.4666973
-0.4643185
-0.4619398
-0.4551656
-0.4483916
-0.4416174
-0.4348432
-0.4280691
-0.4212949
-0.4145207
-0.4077466
-0.4009725
-0.3941983
-0.3874241
-0.3806500
-0.3738759
-0.3671017
-0.3603276
-0.3535534
-0.3434151
-0.3332770
-0.3231387
-0.3130004
-0.3028623
-0.2927240
-0.2825859
-0.2724476
-0.2623093
-0.2521712
-0.2420329
-0.2318947
-0.2217565
-0.2116182
-0.2014800
-0.1913418
-0.1793829
-0.1674241
-0.1554651
-0.1435063
-0.1315475
-0.1195886
-0.1076298
-0.0956709
-0.0837120
-0.0717531
-0.0597943
-0.0478355
-0.0358766
-0.0239177
