-0.0156250
-0.0312500
-0.0625000
-0.1250000
-0.2500000
-0.5000000
-1.0000000
 0.0000610
 0.0001221
 0.0002441
 0.0004883
 0.0009766
 0.0019531
 0.0039063
 0.0078125
 0.0156250
 0.0312500
 0.0625000
 0.1250000
 0.2500000
 0.5000000
-0.9999390
 0.0001831
 0.0003662
 0.0007324
 0.0014648
 0.0029297
 0.0058594
 0.0117188
 0.0234375
 0.0468750
 0.0937500
 0.1875000
 0.3750000
 0.7500000
-0.4999390
-0.9998779
 0.0003052
 0.0006104
 0.0012207
 0.0024414
 0.0048828
 0.0097656
 0.0195313
 0.0390625
 0.0781250
 0.1562500
 0.3125000
 0.6250000
-0.7499390
 0.5001831
-0.9995728
 0.0009155
 0.0018311
 0.0036621
 0.0073242
 0.0146484
 0.0292969
 0.0585938
 0.1171875
 0.2343750
 0.4687500
 0.9375000
-0.1249390
-0.2498779
-0.4997559
-0.9995117
 0.0010376
 0.0020752
 0.0041504
 0.0083008
 0.0166016
 0.0332031
 0.0664063
 0.1328125
 0.2656250
 0.5312500
-0.9374390
 0.1251831
 0.2503662
 0.5007324
-0.9984741
 0.0031128
 0.0062256
 0.0124512
 0.0249023
 0.0498047
 0.0996094
 0.1992188
 0.3984375
 0.7968750
-0.4061890
-0.8123779
 0.3753052
 0.7506104
-0.4987183
-0.9974365
 0.0051880
 0.0103760
 0.0207520
 0.0415039
 0.0830078
 0.1660156
 0.3320313
 0.6640625
-0.6718140
 0.6564331
-0.6870728
 0.6259155
-0.7481079
 0.5038452
-0.9922485
 0.0155640
 0.0311279
 0.0622559
 0.1245117
 0.2490234
 0.4980469
 0.9960938
-0.0077515
-0.0155029
-0.0310059
-0.0620117
-0.1240234
-0.2480469
-0.4960938
-0.9921875
 0.0156860
 0.0313721
 0.0627441
 0.1254883
 0.2509766
 0.5019531
-0.9960327
 0.0079956
 0.0159912
 0.0319824
 0.0639648
 0.1279297
 0.2558594
 0.5117188
-0.9765015
 0.0470581
 0.0941162
 0.1882324
 0.3764648
 0.7529297
-0.4940796
-0.9881592
 0.0237427
 0.0474854
 0.0949707
 0.1899414
 0.3798828
 0.7597656
-0.4804077
-0.9608154
 0.0784302
 0.1568604
 0.3137207
 0.6274414
-0.7450562
 0.5099487
-0.9800415
 0.0399780
 0.0799561
 0.1599121
 0.3198242
 0.6396484
-0.7206421
 0.5587769
-0.8823853
 0.2352905
 0.4705811
 0.9411621
-0.1176147
-0.2352295
-0.4704590
-0.9409180
 0.1182251
 0.2364502
 0.4729004
 0.9458008
-0.1083374
-0.2166748
-0.4333496
-0.8666992
 0.2666626
 0.5333252
-0.9332886
 0.1334839
 0.2669678
 0.5339355
-0.9320679
 0.1359253
 0.2718506
 0.5437012
-0.9125366
 0.1749878
 0.3499756
